        32         63       3016
        64        127       2420
       128        255       1456
       256        511       1613
       512       1023       2194
      1024       2047       4243
      2048       4095       7209
      4096       8191      12951
      8192      16383      27492
     16384      32767      50415
     32768      65535      96842
     65536     131071     191310
    131072     262143     390439
    262144     524287     766497
    524288    1048575    1643614
   1048576    2097151    3789424
